[(0, [1, 2], 0, 1),
 (0, [1, 2], 1, 2),
 (1, [3, [5, 6]], 0, 3),
 (1, [3, [5, 6]], 1, [5, 6]),
  (2, 7)]



[(0, [1, 2], 0, 1),
 (0, [1, 2], 0, 1),
  (0, [1, 2], 1, 2),
   (0, [1, 2], 1, 2), (1, [3, [5, 6]], 0, 3), (1, [3, [5, 6]], 0, 3), (1, [3, [5, 6]], 1, [5, 6]), (1, [3, [5, 6]], 1, [5, 6], 0, 5), (1, [3, [5, 6]], 1, [5, 6], 1, 6), (2, 7)]

li = [[1,2], [3, [5,6]], 7]

[(0, [1, 2], 0, 1),
 (0, [1, 2], 1, 2),
  (1, [3, [5, 6]], 0, 3),
   (1, [3, [5, 6]], 1, [5, 6]),
    (1, [3, [5, 6]], 1, [5, 6], 0, 5),
    (1, [3, [5, 6]], 1, [5, 6], 1, 6),
     (2, 7)]
